7,3
1,45
3,44
2,44
1,44
3,43
2,43
1,43
3,42
2,42
1,42
3,41
2,41
1,41
3,40
2,40
1,40
3,39
2,39
1,46
1,39
3,45
3,38
2,38
1,38
3,37
2,37
1,37
3,36
2,36
1,36
3,35
2,35
1,35
3,34
2,34
1,34
3,33
2,33
1,33
3,32
2,32
1,32
3,31
2,31
1,31
3,30
2,30
1,30
3,29
2,29
1,29
3,28
2,28
1,28
3,27
2,27
1,27
3,26
2,26
1,26
3,25
2,25
1,25
3,24
3,23
2,23
2,21
2,19
1,17
1,14
3,10
3,8
1,5
3,4
2,4
1,3
0,6
0,0
0,49
77,5
77,4
77,3
77,2
77,1
76,5
76,4
76,3
76,2
76,1
75,4
75,3
75,2
75,1
74,5
74,4
74,3
74,2
74,1
73,4
73,3
73,2
73,1
72,6
72,5
72,4
72,3
72,2
72,1
71,3
71,2
71,1
70,3
70,2
70,1
69,3
69,2
69,1
68,3
68,2
68,1
67,5
67,4
67,3
67,2
67,1
66,4
66,3
66,2
66,1
5,3
4,3
3,48
3,47
3,46
3,22
3,21
3,20
3,19
3,18
3,17
3,16
3,15
3,14
3,13
3,12
3,11
3,9
3,7
3,6
3,5
3,3
3,2
3,0
2,46
2,45
2,24
2,22
2,20
2,18
2,17
2,16
2,15
2,14
2,13
2,12
2,11
2,10
2,9
2,8
2,7
2,6
2,5
2,3
2,2
2,0
1,49
1,48
1,47
1,24
1,23
1,22
1,21
1,20
1,19
1,18
1,16
1,15
1,13
1,12
1,11
1,10
1,9
1,8
1,7
1,6
1,4
1,2
1,0
0,48
0,47
0,46
0,45
0,12
0,11
0,10
0,9
0,8
0,5
0,7
0,4
0,3
77,0
76,0
75,0
74,0
73,0
72,0
71,0
70,0
69,0
68,0
67,0
66,0
